points_weights_method=1
order=3
nq=10
polynomialType=0
resolution=64
parameter1=0.8
parameter2=1.2
L=6.28318530718
lx=6.28318530718
ly=6.28318530718
Re=15.0
physVelocity=0.01
