points_weights_method=1
order=4
nq=9
polynomialType=0 0 0 0
resolution=16
parameter1=-0.025 -0.025 -0.025 -0.025
parameter2=0.025 0.025 0.025 0.025
L=6.28318530718
lx=6.28318530718
ly=6.28318530718
Re=15.0
physVelocity=0.01
