points_weights_method=0
order=2
nq=5
polynomialType=0
resolution=32
parameter1=0.8
parameter2=1.2
L=6.28318530718
lx=6.28318530718
ly=6.28318530718
Re=15.0
physVelocity=0.01
